75
71
73
75
74
76
75
79
76
77
71
74
73
74
77
72
71
77
76
77
74
73
77
70
79
78
74
76
79
71
80
74
73
73
80
77
79
74
76
75
70
78
80
74
71
76
77
73
72
73
80
77
76
76
77
75
74
71
70
72
72
70
76
75
73
76
71
72
80
78
78
70
75
77
75
77
72
72
80
75
75
79
71
71
75
79
76
79
80
77
71
72
77
78
77
70
73
79
72
73
76
70
73
71
77
78
78
80
80
78
74
75
76
76
76
71
74
71
70
74
79
72
76
75
80
73
76
73
71
79
76
78
79
80
80
76
77
77
75
77
74
79
71
70
75
78
72
80
80
72
73
78
74
80
73
74
73
79
78
75
77
74
73
76
73
72
71
70
79
77
78
73
76
79
73
70
77
75
80
76
78
73
73
72
73
76
77
77
75
74
71
72
79
74
79
71
76
70
72
75
